/CS0 cs 0.951 0.414 0.16  scn
/GS0 gs
q 1 0 0 1 529.0057 774.3403 cm
0 0 m
0.003 0.004 l
0.454 0.591 0.957 1.128 1.505 1.605 c
1.521 1.619 l
1.537 1.633 l
1.669 1.738 1.791 1.862 1.904 1.998 c
-529.006 1.998 l
-529.006 -3.329 l
-1.314 -3.329 l
-1.293 -3.175 l
-1.132 -2.018 -0.691 -0.918 -0.003 -0.004 c
h
f
Q
q 1 0 0 1 533.2344 775.1028 cm
0 0 m
-0.406 0.327 -0.746 0.749 -0.996 1.236 c
-1.246 0.749 -1.585 0.328 -1.991 0.002 c
-2.482 -0.426 -2.934 -0.909 -3.34 -1.437 c
-3.908 -2.192 -4.281 -3.112 -4.417 -4.091 c
-2.152 -3.653 0.162 -3.653 2.426 -4.091 c
2.29 -3.112 1.917 -2.194 1.35 -1.437 c
0.943 -0.909 0.491 -0.426 0 0 c
f
Q
q 1 0 0 1 540.3741 773.6673 cm
0 0 m
-0.263 0.212 -0.483 0.485 -0.645 0.801 c
-0.808 0.485 -1.028 0.211 -1.292 0 c
-1.61 -0.278 -1.904 -0.591 -2.167 -0.934 c
-2.536 -1.425 -2.778 -2.02 -2.866 -2.656 c
-1.397 -2.371 0.105 -2.371 1.574 -2.656 c
1.486 -2.02 1.244 -1.424 0.876 -0.934 c
0.612 -0.591 0.319 -0.278 0 0 c
f
Q
q 1 0 0 1 555.4182 776.3384 cm
0 0 m
0.077 -0.552 0.287 -1.07 0.607 -1.496 c
0.836 -1.794 1.091 -2.066 1.368 -2.307 c
1.597 -2.491 1.788 -2.729 1.929 -3.004 c
2.07 -2.729 2.261 -2.491 2.49 -2.307 c
2.767 -2.066 3.022 -1.795 3.251 -1.496 c
3.571 -1.071 3.781 -0.552 3.857 0 c
2.581 -0.247 1.276 -0.247 0 0 c
f
Q
q 1 0 0 1 553.7897 773.3182 cm
0 0 m
-0.229 0.185 -0.42 0.422 -0.562 0.697 c
-0.703 0.422 -0.894 0.185 -1.122 0.001 c
-1.399 -0.24 -1.654 -0.511 -1.883 -0.81 c
-2.203 -1.236 -2.413 -1.754 -2.49 -2.307 c
-1.213 -2.059 0.091 -2.059 1.368 -2.307 c
1.291 -1.754 1.081 -1.237 0.761 -0.81 c
0.532 -0.512 0.277 -0.24 0 0 c
f
Q
q 1 0 0 1 546.4017 773.3182 cm
0 0 m
-0.229 0.185 -0.42 0.422 -0.562 0.697 c
-0.703 0.422 -0.894 0.185 -1.122 0.001 c
-1.399 -0.24 -1.654 -0.511 -1.883 -0.81 c
-2.203 -1.236 -2.413 -1.754 -2.49 -2.307 c
-1.213 -2.059 0.091 -2.059 1.368 -2.307 c
1.291 -1.754 1.081 -1.237 0.761 -0.81 c
0.532 -0.512 0.277 -0.24 0 0 c
f
Q
q 1 0 0 1 547.7697 776.3384 cm
0 0 m
0.077 -0.552 0.287 -1.07 0.607 -1.496 c
0.836 -1.794 1.091 -2.066 1.368 -2.307 c
1.597 -2.491 1.788 -2.729 1.929 -3.004 c
2.07 -2.729 2.261 -2.491 2.49 -2.307 c
2.767 -2.066 3.022 -1.795 3.251 -1.496 c
3.571 -1.071 3.781 -0.552 3.857 0 c
2.581 -0.247 1.276 -0.247 0 0 c
f
Q
q 1 0 0 1 545.2125 776.3384 cm
0 0 m
-1.469 -0.284 -2.971 -0.284 -4.44 0 c
-4.352 -0.635 -4.11 -1.231 -3.742 -1.722 c
-3.478 -2.065 -3.185 -2.378 -2.866 -2.655 c
-2.602 -2.867 -2.382 -3.141 -2.219 -3.456 c
-2.057 -3.141 -1.837 -2.868 -1.574 -2.656 c
-1.255 -2.378 -0.962 -2.065 -0.698 -1.722 c
-0.33 -1.232 -0.088 -0.635 0 0 c
f
Q
q 1 0 0 1 538.2191 774.6166 cm
0 0 m
0.369 0.49 0.61 1.086 0.698 1.722 c
-0.771 1.437 -2.272 1.437 -3.742 1.722 c
-3.653 1.086 -3.412 0.491 -3.043 0 c
-2.78 -0.343 -2.486 -0.656 -2.167 -0.933 c
-1.904 -1.145 -1.683 -1.419 -1.521 -1.735 c
-1.359 -1.419 -1.139 -1.146 -0.876 -0.934 c
-0.557 -0.656 -0.263 -0.343 0 0 c
f
Q
0.05 0.418 0.22  scn
q 1 0 0 1 523.036 760.7395 cm
0 0 m
-0.017 0.013 l
-0.033 0.027 l
-0.581 0.505 -1.084 1.042 -1.534 1.628 c
-1.538 1.632 l
-1.541 1.637 l
-2.228 2.551 -2.67 3.65 -2.831 4.808 c
-2.852 4.961 l
-523.036 4.961 l
-523.036 -0.366 l
0.366 -0.366 l
0.254 -0.229 0.131 -0.106 0 0 c
f
Q
q 1 0 0 1 528.153 765.7006 cm
0 0 m
-2.264 -0.438 -4.578 -0.438 -6.842 0 c
-6.706 -0.979 -6.334 -1.899 -5.766 -2.654 c
-5.36 -3.182 -4.908 -3.665 -4.417 -4.093 c
-4.011 -4.42 -3.672 -4.84 -3.422 -5.327 c
-3.172 -4.84 -2.832 -4.418 -2.426 -4.091 c
-1.935 -3.665 -1.482 -3.182 -1.076 -2.654 c
-0.508 -1.897 -0.136 -0.979 0 0 c
f
Q
q 1 0 0 1 534.441 765.7006 cm
0 0 m
-1.469 -0.285 -2.971 -0.285 -4.44 0 c
-4.352 -0.636 -4.11 -1.231 -3.742 -1.722 c
-3.478 -2.065 -3.185 -2.378 -2.866 -2.656 c
-2.602 -2.867 -2.382 -3.141 -2.219 -3.456 c
-2.057 -3.141 -1.837 -2.868 -1.574 -2.656 c
-1.255 -2.378 -0.962 -2.065 -0.698 -1.722 c
-0.33 -1.232 -0.088 -0.636 0 0 c
f
Q
q 1 0 0 1 550.4008 762.6814 cm
0 0 m
-0.229 0.184 -0.42 0.421 -0.561 0.696 c
-0.702 0.421 -0.893 0.184 -1.122 -0.001 c
-1.399 -0.241 -1.654 -0.513 -1.883 -0.812 c
-2.203 -1.238 -2.413 -1.755 -2.49 -2.308 c
-1.213 -2.06 0.091 -2.06 1.368 -2.308 c
1.291 -1.755 1.081 -1.237 0.761 -0.812 c
0.532 -0.512 0.277 -0.241 0 0 c
f
Q
q 1 0 0 1 543.7926 765.7006 cm
0 0 m
0.077 -0.552 0.286 -1.071 0.607 -1.496 c
0.836 -1.795 1.09 -2.066 1.367 -2.308 c
1.596 -2.491 1.787 -2.729 1.928 -3.004 c
2.069 -2.729 2.261 -2.491 2.49 -2.307 c
2.767 -2.066 3.022 -1.794 3.251 -1.496 c
3.571 -1.07 3.781 -0.552 3.857 0 c
2.581 -0.247 1.276 -0.247 0 0 c
f
Q
q 1 0 0 1 552.454 765.7006 cm
0 0 m
0.077 -0.552 0.287 -1.071 0.607 -1.496 c
0.836 -1.795 1.091 -2.066 1.368 -2.308 c
1.596 -2.491 1.787 -2.729 1.928 -3.004 c
2.069 -2.729 2.261 -2.491 2.49 -2.307 c
2.767 -2.066 3.022 -1.794 3.251 -1.496 c
3.571 -1.07 3.781 -0.552 3.857 0 c
2.581 -0.247 1.277 -0.247 0 0 c
f
Q
q 1 0 0 1 536.4047 765.7006 cm
0 0 m
0.077 -0.552 0.287 -1.071 0.607 -1.496 c
0.836 -1.795 1.091 -2.066 1.368 -2.308 c
1.596 -2.491 1.787 -2.729 1.928 -3.004 c
2.069 -2.729 2.261 -2.491 2.49 -2.307 c
2.767 -2.066 3.022 -1.794 3.251 -1.496 c
3.571 -1.07 3.781 -0.552 3.857 0 c
2.581 -0.247 1.277 -0.247 0 0 c
f
Q
q 1 0 0 1 542.7522 762.6814 cm
0 0 m
-0.229 0.184 -0.42 0.421 -0.561 0.696 c
-0.702 0.421 -0.893 0.184 -1.122 -0.001 c
-1.399 -0.241 -1.654 -0.513 -1.883 -0.812 c
-2.203 -1.238 -2.413 -1.755 -2.49 -2.308 c
-1.213 -2.06 0.091 -2.06 1.368 -2.308 c
1.291 -1.755 1.081 -1.237 0.761 -0.812 c
0.532 -0.512 0.277 -0.241 0 0 c
f
Q
q 1 0 0 1 536.1312 763.0295 cm
0 0 m
-0.263 0.212 -0.483 0.485 -0.645 0.801 c
-0.808 0.485 -1.028 0.211 -1.292 -0.001 c
-1.611 -0.278 -1.904 -0.591 -2.168 -0.934 c
-2.536 -1.425 -2.778 -2.02 -2.866 -2.656 c
-1.397 -2.371 0.105 -2.371 1.574 -2.656 c
1.486 -2.02 1.244 -1.424 0.876 -0.934 c
0.612 -0.591 0.319 -0.278 0 0 c
f
Q
q 1 0 0 1 529.8362 763.0295 cm
0 0 m
-0.263 0.212 -0.483 0.485 -0.645 0.801 c
-0.808 0.485 -1.028 0.211 -1.292 -0.001 c
-1.61 -0.278 -1.904 -0.591 -2.168 -0.934 c
-2.536 -1.425 -2.778 -2.02 -2.866 -2.656 c
-1.397 -2.371 0.105 -2.371 1.574 -2.656 c
1.486 -2.02 1.244 -1.424 0.876 -0.934 c
0.612 -0.591 0.319 -0.278 0 0 c
f
Q
/PlacedPDF /MC0 BDC 
q
131.809 783.858 331.658 44.441 re
W n
0.989 0.702 0.108  scn
q 1 0 0 1 131.809 794.9697 cm
0 0 m
0.557 0.279 0.978 0.759 1.394 1.27 c
1.901 1.894 2.399 2.488 3.016 2.995 c
3.754 3.602 4.742 4.181 5.985 4.365 c
5.741 2.947 5.612 1.489 5.61 0 c
h
4.184 15.639 m
4.185 15.639 l
4.184 15.639 l
4.806 15.602 5.409 15.807 6.026 16.042 c
6.777 16.329 7.504 16.592 8.291 16.723 c
9.239 16.879 10.39 16.887 11.565 16.416 c
9.704 14.186 8.214 11.637 7.189 8.861 c
6.204 9.642 5.638 10.64 5.301 11.536 c
5.021 12.285 4.885 13.047 4.757 13.842 c
4.652 14.494 4.528 15.12 4.184 15.639 c
15.616 27.088 m
15.617 27.088 l
15.617 27.09 l
16.135 26.745 16.761 26.62 17.412 26.515 c
18.205 26.386 18.967 26.251 19.713 25.971 c
20.612 25.631 21.614 25.061 22.396 24.067 c
19.621 23.044 17.072 21.555 14.842 19.695 c
14.372 20.871 14.379 22.026 14.535 22.976 c
14.666 23.764 14.929 24.492 15.214 25.244 c
15.45 25.862 15.654 26.467 15.616 27.088 c
31.233 31.28 m
31.233 31.279 l
31.233 31.28 l
31.511 30.722 31.99 30.3 32.502 29.884 c
33.124 29.375 33.716 28.877 34.223 28.26 c
34.833 27.515 35.416 26.517 35.595 25.262 c
34.178 25.505 32.72 25.634 31.233 25.634 c
29.746 25.634 28.288 25.505 26.87 25.262 c
27.049 26.517 27.633 27.515 28.243 28.26 c
28.749 28.877 29.341 29.375 29.964 29.884 c
30.476 30.3 30.955 30.722 31.233 31.28 c
46.849 27.09 m
46.849 27.088 l
46.85 27.088 l
46.811 26.467 47.016 25.862 47.251 25.244 c
47.537 24.492 47.8 23.764 47.93 22.976 c
48.087 22.026 48.094 20.871 47.623 19.695 c
45.394 21.555 42.844 23.044 40.07 24.067 c
40.852 25.061 41.853 25.631 42.752 25.971 c
43.499 26.251 44.26 26.388 45.053 26.516 c
45.705 26.62 46.33 26.745 46.849 27.09 c
38.679 22.48 m
48.109 19.361 54.925 10.479 54.965 0 c
50.298 0 l
50.607 9.154 46.618 17.416 38.679 22.48 c
56.48 4.365 m
57.723 4.181 58.712 3.602 59.45 2.995 c
60.066 2.488 60.564 1.895 61.073 1.27 c
61.489 0.759 61.908 0.279 62.466 0 c
56.855 0 l
56.854 1.489 56.724 2.947 56.48 4.365 c
58.281 15.641 m
58.28 15.639 l
58.281 15.639 l
57.937 15.12 57.813 14.494 57.709 13.842 c
57.58 13.047 57.446 12.285 57.164 11.536 c
56.827 10.641 56.262 9.642 55.276 8.861 c
54.253 11.637 52.762 14.186 50.901 16.416 c
52.075 16.887 53.227 16.879 54.174 16.723 c
54.961 16.592 55.688 16.329 56.44 16.043 c
57.057 15.807 57.66 15.602 58.281 15.641 c
f*
Q
0.851 0.128 0.195  scn
q 1 0 0 1 143.1064 787.62 cm
0 0 m
-1.887 0 l
-2.355 -1.647 l
-3.859 -1.647 l
-1.869 4.66 l
0.038 4.66 l
2.084 -1.647 l
0.514 -1.647 l
h
-1.673 1.066 m
-0.224 1.066 l
-0.604 2.299 -0.85 3.144 -0.962 3.603 c
-0.981 3.603 l
-1.28 2.404 l
h
6.933 0 m
5.045 0 l
4.578 -1.647 l
3.074 -1.647 l
5.064 4.66 l
6.971 4.66 l
9.017 -1.647 l
7.447 -1.647 l
h
5.26 1.066 m
6.709 1.066 l
6.329 2.299 6.083 3.144 5.971 3.603 c
5.952 3.603 l
5.653 2.404 l
h
10.455 -1.619 m
10.455 4.576 l
11.078 4.67 11.745 4.716 12.455 4.716 c
13.798 4.716 14.762 4.435 15.345 3.873 c
15.93 3.31 16.221 2.573 16.221 1.665 c
16.221 0.593 15.889 -0.239 15.224 -0.828 c
14.559 -1.418 13.532 -1.713 12.147 -1.713 c
11.505 -1.713 10.941 -1.682 10.455 -1.619 c
11.904 3.546 m
11.904 -0.562 l
11.985 -0.58 12.159 -0.59 12.427 -0.59 c
13.146 -0.59 13.704 -0.4 14.098 -0.021 c
14.492 0.359 14.688 0.901 14.688 1.61 c
14.688 2.258 14.509 2.753 14.15 3.092 c
13.79 3.433 13.271 3.603 12.595 3.603 c
12.312 3.603 12.081 3.583 11.904 3.546 c
17.772 4.66 m
19.22 4.66 l
19.22 2.236 l
21.696 2.236 l
21.696 4.66 l
23.145 4.66 l
23.145 -1.647 l
21.696 -1.647 l
21.696 0.982 l
19.22 0.982 l
19.22 -1.647 l
17.772 -1.647 l
h
28.396 0 m
26.508 0 l
26.041 -1.647 l
24.536 -1.647 l
26.526 4.66 l
28.433 4.66 l
30.479 -1.647 l
28.91 -1.647 l
h
26.723 1.066 m
28.171 1.066 l
27.791 2.299 27.545 3.144 27.433 3.603 c
27.415 3.603 l
27.115 2.404 l
h
35.329 0 m
33.441 0 l
32.974 -1.647 l
31.469 -1.647 l
33.46 4.66 l
35.366 4.66 l
37.412 -1.647 l
35.842 -1.647 l
h
33.656 1.066 m
35.104 1.066 l
34.724 2.299 34.478 3.144 34.366 3.603 c
34.348 3.603 l
34.049 2.404 l
h
38.851 -1.647 m
38.851 4.576 l
39.38 4.67 40.032 4.716 40.804 4.716 c
41.757 4.716 42.442 4.558 42.86 4.244 c
43.278 3.928 43.485 3.478 43.485 2.892 c
43.485 2.542 43.382 2.227 43.171 1.944 c
42.962 1.663 42.688 1.463 42.356 1.347 c
42.356 1.309 l
42.747 1.164 43.031 0.777 43.206 0.149 c
43.527 -0.98 43.7 -1.579 43.729 -1.647 c
42.252 -1.647 l
42.128 -1.413 41.978 -0.923 41.804 -0.179 c
41.716 0.197 41.598 0.458 41.449 0.608 c
41.299 0.757 41.059 0.832 40.729 0.832 c
40.281 0.832 l
40.281 -1.647 l
h
40.281 3.603 m
40.281 1.872 l
40.878 1.872 l
41.24 1.872 41.525 1.954 41.733 2.118 c
41.943 2.281 42.047 2.501 42.047 2.779 c
42.047 3.056 41.953 3.272 41.765 3.423 c
41.576 3.575 41.309 3.649 40.963 3.649 c
40.623 3.649 40.396 3.634 40.281 3.603 c
f*
Q
q 1 0 0 1 157.8036 797.3864 cm
0 0 m
-1.34 -0.361 -2.454 -1.304 -3.51 -2.414 c
-0.999 -2.414 l
-0.504 -2.102 0.121 -2.068 0.172 -2.414 c
2.02 -2.414 l
2.36 -0.607 1.512 0.408 0 0 c
f
Q
q 1 0 0 1 161.3154 807.5761 cm
0 0 m
-4.495 0.455 -8.672 -1.666 -12.723 -5.182 c
-15.101 -7.244 -17.334 -9.778 -19.375 -12.604 c
-16.194 -12.604 l
-13.229 -8.583 -9.99 -5.743 -6.534 -3.823 c
-2.313 -1.479 2.354 -1.648 4.152 -6.512 c
4.684 -7.949 3.041 -8.514 2.242 -7.373 c
0.256 -4.543 -2.299 -4.162 -5.473 -5.771 c
-8.137 -7.122 -10.731 -9.592 -13.234 -12.604 c
-9.92 -12.604 l
-7.714 -9.937 -5.416 -8.127 -3.1 -7.601 c
-0.331 -6.974 1.205 -9.184 0.829 -12.604 c
3.106 -12.604 l
3.044 -11.909 3.106 -10.849 3.221 -10.167 c
3.295 -8.889 4.8 -8.87 5.09 -10.041 c
5.256 -10.884 5.311 -11.761 5.293 -12.604 c
5.942 -12.604 l
7.671 -12.604 l
7.928 -4.345 3.994 -0.405 0 0 c
f
Q
q 1 0 0 1 166.9276 814.2248 cm
0 0 m
5.76 -2.406 9.316 -8.085 9.755 -17.609 c
9.758 -17.686 9.763 -17.762 9.765 -17.839 c
9.775 -18.246 9.904 -18.793 10.263 -19.069 c
10.748 -19.442 11.441 -19.241 11.7 -18.605 c
11.782 -18.403 11.833 -17.845 11.836 -17.745 c
12.105 -8.706 8.366 -0.968 0.604 2.2 c
-7.593 5.547 -16.266 2.591 -22.528 -4.844 c
-15.823 0.394 -8.211 3.428 0 0 c
f
Q
q 1 0 0 1 144.9178 802.891 cm
0 0 m
5.365 4.908 10.439 7.59 15.203 7.582 c
21.392 7.569 26.606 3.38 26.661 -7.919 c
29.06 -7.919 l
29.62 3.591 23.583 10.104 15.249 10.115 c
8.645 10.122 3.28 6.402 -1.409 1.461 c
-3.035 -0.251 -2.116 -1.934 0 0 c
f
Q
q 1 0 0 1 141.1029 798.4858 cm
0 0 m
0.619 0.508 1.133 1.007 1.318 1.54 c
1.641 2.47 0.858 3.349 -0.165 2.477 c
-0.598 2.108 -1.015 1.375 -1.23 0.551 c
-1.438 -0.243 -0.851 -0.697 0 0 c
f
Q
0.945 0.41 0.154  scn
q 1 0 0 1 204.3268 809.9215 cm
0 0 m
-1.882 6.973 l
-1.933 6.973 l
-1.916 6.792 -1.899 6.548 -1.882 6.241 c
-1.865 5.933 -1.848 5.601 -1.83 5.243 c
-1.813 4.886 -1.804 4.54 -1.804 4.206 c
-1.804 0 l
-4.008 0 l
-4.008 9.687 l
-0.696 9.687 l
1.224 2.808 l
1.276 2.808 l
3.158 9.687 l
6.47 9.687 l
6.47 0 l
4.189 0 l
4.189 4.246 l
4.189 4.554 4.193 4.882 4.202 5.23 c
4.21 5.578 4.223 5.908 4.24 6.22 c
4.257 6.532 4.27 6.779 4.279 6.96 c
4.227 6.96 l
2.371 0 l
h
f
Q
q 1 0 0 1 215.9391 815.7959 cm
0 0 m
-0.292 0 -0.535 -0.095 -0.728 -0.285 c
-0.922 -0.475 -1.035 -0.778 -1.07 -1.194 c
1.044 -1.194 l
1.044 -0.968 1.003 -0.767 0.922 -0.59 c
0.84 -0.414 0.722 -0.271 0.567 -0.163 c
0.412 -0.054 0.223 0 0 0 c
-0.09 1.764 m
0.606 1.764 1.205 1.637 1.708 1.384 c
2.21 1.13 2.597 0.751 2.868 0.244 c
3.138 -0.263 3.274 -0.9 3.274 -1.669 c
3.274 -2.822 l
-1.121 -2.822 l
-1.104 -3.211 -0.965 -3.532 -0.702 -3.785 c
-0.44 -4.038 -0.06 -4.165 0.438 -4.165 c
0.885 -4.165 1.293 -4.12 1.663 -4.029 c
2.032 -3.939 2.414 -3.794 2.81 -3.595 c
2.81 -5.454 l
2.466 -5.644 2.09 -5.784 1.682 -5.874 c
1.274 -5.965 0.76 -6.01 0.142 -6.01 c
-0.58 -6.01 -1.222 -5.876 -1.785 -5.61 c
-2.348 -5.343 -2.792 -4.925 -3.119 -4.355 c
-3.446 -3.785 -3.609 -3.057 -3.609 -2.171 c
-3.609 -1.266 -3.46 -0.525 -3.164 0.054 c
-2.868 0.633 -2.455 1.063 -1.927 1.343 c
-1.398 1.623 -0.786 1.764 -0.09 1.764 c
f
Q
q 1 0 0 1 224.9093 817.5594 cm
0 0 m
0.137 0 0.279 -0.009 0.425 -0.027 c
0.571 -0.045 0.679 -0.063 0.747 -0.081 c
0.528 -2.523 l
0.442 -2.505 0.337 -2.487 0.213 -2.469 c
0.088 -2.451 -0.086 -2.442 -0.309 -2.442 c
-0.464 -2.442 -0.629 -2.458 -0.806 -2.489 c
-0.982 -2.521 -1.149 -2.587 -1.308 -2.686 c
-1.467 -2.786 -1.596 -2.935 -1.695 -3.134 c
-1.794 -3.333 -1.843 -3.604 -1.843 -3.948 c
-1.843 -7.638 l
-4.305 -7.638 l
-4.305 -0.136 l
-2.475 -0.136 l
-2.088 -1.33 l
-1.972 -1.33 l
-1.843 -1.085 -1.675 -0.861 -1.469 -0.658 c
-1.263 -0.454 -1.033 -0.294 -0.78 -0.176 c
-0.526 -0.059 -0.266 0 0 0 c
f
Q
q 1 0 0 1 229.7295 813.2453 cm
0 0 m
-0.447 -0.018 -0.763 -0.102 -0.947 -0.251 c
-1.132 -0.4 -1.224 -0.61 -1.224 -0.882 c
-1.224 -1.135 -1.16 -1.323 -1.031 -1.445 c
-0.902 -1.567 -0.73 -1.628 -0.515 -1.628 c
-0.215 -1.628 0.041 -1.529 0.251 -1.329 c
0.462 -1.131 0.567 -0.873 0.567 -0.556 c
0.567 0.027 l
h
0.142 4.314 m
1.044 4.314 1.748 4.079 2.255 3.609 c
2.762 3.138 3.016 2.469 3.016 1.601 c
3.016 -3.324 l
1.315 -3.324 l
0.838 -2.333 l
0.786 -2.333 l
0.588 -2.596 0.384 -2.811 0.174 -2.978 c
-0.037 -3.145 -0.279 -3.267 -0.554 -3.344 c
-0.829 -3.421 -1.164 -3.459 -1.559 -3.459 c
-1.972 -3.459 -2.341 -3.371 -2.668 -3.195 c
-2.994 -3.018 -3.252 -2.752 -3.441 -2.394 c
-3.63 -2.037 -3.725 -1.583 -3.725 -1.031 c
-3.725 -0.226 -3.46 0.371 -2.932 0.76 c
-2.404 1.149 -1.637 1.366 -0.632 1.411 c
0.554 1.452 l
0.554 1.56 l
0.554 1.895 0.477 2.132 0.322 2.272 c
0.168 2.413 -0.043 2.483 -0.309 2.483 c
-0.593 2.483 -0.907 2.431 -1.25 2.327 c
-1.594 2.223 -1.942 2.089 -2.294 1.926 c
-3.003 3.636 l
-2.59 3.862 -2.124 4.031 -1.605 4.145 c
-1.085 4.258 -0.503 4.314 0.142 4.314 c
f
Q
q 1 0 0 1 242.1924 815.4703 cm
0 0 m
-0.043 0.172 -0.103 0.418 -0.18 0.739 c
-0.258 1.06 -0.335 1.393 -0.412 1.737 c
-0.49 2.08 -0.55 2.361 -0.593 2.578 c
-0.627 2.361 -0.681 2.089 -0.754 1.764 c
-0.827 1.438 -0.9 1.117 -0.973 0.8 c
-1.046 0.484 -1.108 0.217 -1.16 0 c
-1.559 -1.587 l
0.4 -1.587 l
h
1.366 -5.549 m
0.915 -3.731 l
-2.075 -3.731 l
-2.539 -5.549 l
-5.271 -5.549 l
-2.268 4.178 l
1.044 4.178 l
4.086 -5.549 l
h
f
Q
q 1 0 0 1 250.4666 813.2453 cm
0 0 m
-0.447 -0.018 -0.763 -0.102 -0.947 -0.251 c
-1.132 -0.4 -1.224 -0.61 -1.224 -0.882 c
-1.224 -1.135 -1.16 -1.323 -1.031 -1.445 c
-0.902 -1.567 -0.73 -1.628 -0.515 -1.628 c
-0.215 -1.628 0.041 -1.529 0.251 -1.329 c
0.462 -1.131 0.567 -0.873 0.567 -0.556 c
0.567 0.027 l
h
0.142 4.314 m
1.044 4.314 1.748 4.079 2.255 3.609 c
2.762 3.138 3.016 2.469 3.016 1.601 c
3.016 -3.324 l
1.315 -3.324 l
0.838 -2.333 l
0.786 -2.333 l
0.588 -2.596 0.384 -2.811 0.174 -2.978 c
-0.037 -3.145 -0.279 -3.267 -0.554 -3.344 c
-0.829 -3.421 -1.164 -3.459 -1.559 -3.459 c
-1.972 -3.459 -2.341 -3.371 -2.668 -3.195 c
-2.994 -3.018 -3.252 -2.752 -3.441 -2.394 c
-3.63 -2.037 -3.725 -1.583 -3.725 -1.031 c
-3.725 -0.226 -3.46 0.371 -2.932 0.76 c
-2.404 1.149 -1.637 1.366 -0.632 1.411 c
0.554 1.452 l
0.554 1.56 l
0.554 1.895 0.477 2.132 0.322 2.272 c
0.168 2.413 -0.043 2.483 -0.309 2.483 c
-0.593 2.483 -0.907 2.431 -1.25 2.327 c
-1.594 2.223 -1.942 2.089 -2.294 1.926 c
-3.003 3.636 l
-2.59 3.862 -2.124 4.031 -1.605 4.145 c
-1.085 4.258 -0.503 4.314 0.142 4.314 c
f
Q
q 1 0 0 1 258.38 811.8344 cm
0 0 m
0.395 0 0.674 0.131 0.838 0.393 c
1.001 0.656 1.087 1.058 1.095 1.601 c
1.095 1.804 l
1.095 2.392 1.016 2.844 0.857 3.161 c
0.698 3.477 0.404 3.636 -0.026 3.636 c
-0.318 3.636 -0.561 3.487 -0.754 3.188 c
-0.947 2.89 -1.044 2.424 -1.044 1.791 c
-1.044 1.167 -0.947 0.712 -0.754 0.427 c
-0.561 0.142 -0.309 0 0 0 c
-1.005 -2.049 m
-1.736 -2.049 -2.339 -1.719 -2.816 -1.058 c
-3.293 -0.398 -3.531 0.565 -3.531 1.831 c
-3.531 3.116 -3.289 4.086 -2.803 4.742 c
-2.318 5.397 -1.688 5.725 -0.915 5.725 c
-0.597 5.725 -0.322 5.678 -0.09 5.583 c
0.142 5.488 0.344 5.356 0.515 5.189 c
0.687 5.022 0.833 4.834 0.954 4.626 c
1.005 4.626 l
0.971 4.816 0.943 5.078 0.921 5.413 c
0.9 5.748 0.889 6.073 0.889 6.39 c
0.889 8.398 l
3.364 8.398 l
3.364 -1.913 l
1.508 -1.913 l
0.979 -0.963 l
0.889 -0.963 l
0.777 -1.162 0.636 -1.343 0.464 -1.506 c
0.292 -1.669 0.086 -1.8 -0.155 -1.899 c
-0.395 -1.999 -0.679 -2.049 -1.005 -2.049 c
f
Q
q 1 0 0 1 265.9067 818.7669 cm
0 0 m
0 -0.552 -0.013 -1.018 -0.039 -1.397 c
-0.064 -1.777 -0.086 -2.067 -0.103 -2.266 c
0.013 -2.266 l
0.168 -2.003 0.342 -1.795 0.535 -1.642 c
0.728 -1.488 0.945 -1.377 1.186 -1.309 c
1.426 -1.241 1.688 -1.207 1.972 -1.207 c
2.444 -1.207 2.87 -1.302 3.248 -1.492 c
3.626 -1.682 3.929 -1.979 4.156 -2.381 c
4.384 -2.783 4.498 -3.31 4.498 -3.961 c
4.498 -8.845 l
2.023 -8.845 l
2.023 -4.748 l
2.023 -4.251 1.955 -3.876 1.817 -3.622 c
1.68 -3.369 1.465 -3.242 1.173 -3.242 c
0.881 -3.242 0.649 -3.333 0.477 -3.514 c
0.305 -3.695 0.182 -3.955 0.11 -4.294 c
0.036 -4.633 0 -5.051 0 -5.549 c
0 -8.845 l
-2.462 -8.845 l
-2.462 1.465 l
0 1.465 l
h
f
Q
q 1 0 0 1 275.4182 813.2453 cm
0 0 m
-0.447 -0.018 -0.763 -0.102 -0.947 -0.251 c
-1.132 -0.4 -1.224 -0.61 -1.224 -0.882 c
-1.224 -1.135 -1.16 -1.323 -1.031 -1.445 c
-0.902 -1.567 -0.73 -1.628 -0.516 -1.628 c
-0.215 -1.628 0.041 -1.529 0.251 -1.329 c
0.462 -1.131 0.567 -0.873 0.567 -0.556 c
0.567 0.027 l
h
0.142 4.314 m
1.044 4.314 1.748 4.079 2.255 3.609 c
2.762 3.138 3.016 2.469 3.016 1.601 c
3.016 -3.324 l
1.315 -3.324 l
0.838 -2.333 l
0.786 -2.333 l
0.588 -2.596 0.384 -2.811 0.174 -2.978 c
-0.037 -3.145 -0.279 -3.267 -0.554 -3.344 c
-0.829 -3.421 -1.164 -3.459 -1.56 -3.459 c
-1.972 -3.459 -2.341 -3.371 -2.668 -3.195 c
-2.995 -3.018 -3.252 -2.752 -3.441 -2.394 c
-3.63 -2.037 -3.725 -1.583 -3.725 -1.031 c
-3.725 -0.226 -3.461 0.371 -2.932 0.76 c
-2.404 1.149 -1.637 1.366 -0.632 1.411 c
0.554 1.452 l
0.554 1.56 l
0.554 1.895 0.477 2.132 0.322 2.272 c
0.167 2.413 -0.043 2.483 -0.309 2.483 c
-0.593 2.483 -0.907 2.431 -1.25 2.327 c
-1.594 2.223 -1.942 2.089 -2.294 1.926 c
-3.003 3.636 l
-2.591 3.862 -2.125 4.031 -1.605 4.145 c
-1.085 4.258 -0.503 4.314 0.142 4.314 c
f
Q
q 1 0 0 1 283.4476 813.2453 cm
0 0 m
-0.447 -0.018 -0.763 -0.102 -0.947 -0.251 c
-1.132 -0.4 -1.224 -0.61 -1.224 -0.882 c
-1.224 -1.135 -1.16 -1.323 -1.031 -1.445 c
-0.902 -1.567 -0.73 -1.628 -0.516 -1.628 c
-0.215 -1.628 0.041 -1.529 0.251 -1.329 c
0.462 -1.131 0.567 -0.873 0.567 -0.556 c
0.567 0.027 l
h
0.142 4.314 m
1.044 4.314 1.748 4.079 2.255 3.609 c
2.762 3.138 3.016 2.469 3.016 1.601 c
3.016 -3.324 l
1.315 -3.324 l
0.838 -2.333 l
0.786 -2.333 l
0.589 -2.596 0.384 -2.811 0.174 -2.978 c
-0.037 -3.145 -0.279 -3.267 -0.554 -3.344 c
-0.829 -3.421 -1.164 -3.459 -1.56 -3.459 c
-1.972 -3.459 -2.341 -3.371 -2.668 -3.195 c
-2.995 -3.018 -3.252 -2.752 -3.441 -2.394 c
-3.63 -2.037 -3.725 -1.583 -3.725 -1.031 c
-3.725 -0.226 -3.46 0.371 -2.932 0.76 c
-2.404 1.149 -1.637 1.366 -0.632 1.411 c
0.554 1.452 l
0.554 1.56 l
0.554 1.895 0.477 2.132 0.322 2.272 c
0.168 2.413 -0.043 2.483 -0.309 2.483 c
-0.593 2.483 -0.907 2.431 -1.25 2.327 c
-1.594 2.223 -1.942 2.089 -2.294 1.926 c
-3.003 3.636 l
-2.591 3.862 -2.125 4.031 -1.605 4.145 c
-1.085 4.258 -0.503 4.314 0.142 4.314 c
f
Q
q 1 0 0 1 292.4435 817.5594 cm
0 0 m
0.137 0 0.279 -0.009 0.425 -0.027 c
0.571 -0.045 0.679 -0.063 0.747 -0.081 c
0.528 -2.523 l
0.442 -2.505 0.337 -2.487 0.213 -2.469 c
0.088 -2.451 -0.086 -2.442 -0.309 -2.442 c
-0.464 -2.442 -0.629 -2.458 -0.805 -2.489 c
-0.982 -2.521 -1.149 -2.587 -1.308 -2.686 c
-1.467 -2.786 -1.596 -2.935 -1.695 -3.134 c
-1.794 -3.333 -1.843 -3.604 -1.843 -3.948 c
-1.843 -7.638 l
-4.305 -7.638 l
-4.305 -0.136 l
-2.474 -0.136 l
-2.088 -1.33 l
-1.972 -1.33 l
-1.843 -1.085 -1.675 -0.861 -1.469 -0.658 c
-1.263 -0.454 -1.033 -0.294 -0.78 -0.176 c
-0.526 -0.059 -0.266 0 0 0 c
f
Q
0.043 0.423 0.221  scn
q 1 0 0 1 204.3268 795.1077 cm
0 0 m
-1.882 6.973 l
-1.933 6.973 l
-1.916 6.792 -1.899 6.548 -1.882 6.241 c
-1.865 5.933 -1.848 5.601 -1.83 5.243 c
-1.813 4.886 -1.804 4.54 -1.804 4.206 c
-1.804 0 l
-4.008 0 l
-4.008 9.686 l
-0.696 9.686 l
1.224 2.808 l
1.276 2.808 l
3.158 9.686 l
6.47 9.686 l
6.47 0 l
4.189 0 l
4.189 4.246 l
4.189 4.554 4.193 4.882 4.202 5.23 c
4.21 5.578 4.223 5.908 4.24 6.22 c
4.257 6.532 4.27 6.779 4.279 6.96 c
4.227 6.96 l
2.371 0 l
h
f
Q
q 1 0 0 1 215.9391 800.982 cm
0 0 m
-0.292 0 -0.535 -0.095 -0.728 -0.285 c
-0.922 -0.475 -1.035 -0.778 -1.07 -1.194 c
1.044 -1.194 l
1.044 -0.968 1.003 -0.767 0.922 -0.59 c
0.84 -0.414 0.722 -0.271 0.567 -0.163 c
0.412 -0.054 0.223 0 0 0 c
-0.09 1.764 m
0.606 1.764 1.205 1.637 1.708 1.384 c
2.21 1.13 2.597 0.751 2.868 0.244 c
3.138 -0.262 3.274 -0.9 3.274 -1.669 c
3.274 -2.822 l
-1.121 -2.822 l
-1.104 -3.211 -0.965 -3.532 -0.702 -3.785 c
-0.44 -4.038 -0.06 -4.165 0.438 -4.165 c
0.885 -4.165 1.293 -4.12 1.663 -4.029 c
2.032 -3.939 2.414 -3.794 2.81 -3.595 c
2.81 -5.454 l
2.466 -5.644 2.09 -5.784 1.682 -5.874 c
1.274 -5.965 0.76 -6.01 0.142 -6.01 c
-0.58 -6.01 -1.222 -5.876 -1.785 -5.61 c
-2.348 -5.343 -2.792 -4.925 -3.119 -4.355 c
-3.446 -3.785 -3.609 -3.057 -3.609 -2.171 c
-3.609 -1.266 -3.461 -0.525 -3.164 0.054 c
-2.868 0.633 -2.455 1.063 -1.927 1.343 c
-1.398 1.623 -0.786 1.764 -0.09 1.764 c
f
Q
q 1 0 0 1 224.9092 802.7456 cm
0 0 m
0.137 0 0.279 -0.009 0.425 -0.027 c
0.571 -0.045 0.679 -0.063 0.747 -0.081 c
0.528 -2.523 l
0.442 -2.505 0.337 -2.487 0.213 -2.469 c
0.088 -2.451 -0.086 -2.442 -0.309 -2.442 c
-0.464 -2.442 -0.629 -2.458 -0.806 -2.489 c
-0.982 -2.521 -1.149 -2.587 -1.308 -2.686 c
-1.467 -2.786 -1.596 -2.935 -1.695 -3.134 c
-1.794 -3.333 -1.843 -3.604 -1.843 -3.948 c
-1.843 -7.638 l
-4.305 -7.638 l
-4.305 -0.136 l
-2.475 -0.136 l
-2.088 -1.33 l
-1.972 -1.33 l
-1.843 -1.085 -1.675 -0.861 -1.469 -0.658 c
-1.263 -0.454 -1.033 -0.294 -0.78 -0.176 c
-0.526 -0.059 -0.266 0 0 0 c
f
Q
229.124 795.108 -2.462 7.502 re
229.124 802.61 m
227.899 805.635 m
228.251 805.635 228.559 805.558 228.821 805.405 c
229.083 805.251 229.214 804.943 229.214 804.482 c
229.214 804.039 229.083 803.738 228.821 803.58 c
228.559 803.422 228.251 803.343 227.899 803.343 c
227.538 803.343 227.231 803.422 226.978 803.58 c
226.724 803.738 226.598 804.039 226.598 804.482 c
226.598 804.943 226.724 805.251 226.978 805.405 c
227.231 805.558 227.538 805.635 227.899 805.635 c
f
q 1 0 0 1 237.4624 802.6779 cm
0 0 m
-0.644 0 l
-0.644 -2.225 l
-0.155 -2.225 l
0.06 -2.225 0.26 -2.187 0.445 -2.11 c
0.629 -2.033 0.777 -1.906 0.889 -1.73 c
1.001 -1.553 1.057 -1.321 1.057 -1.031 c
1.057 -0.724 0.971 -0.475 0.799 -0.285 c
0.627 -0.095 0.361 0 0 0 c
0.051 2.116 m
1.22 2.116 2.094 1.849 2.674 1.316 c
3.254 0.782 3.544 0.022 3.544 -0.963 c
3.544 -1.406 3.484 -1.829 3.364 -2.232 c
3.243 -2.634 3.048 -2.996 2.777 -3.317 c
2.507 -3.638 2.148 -3.892 1.701 -4.077 c
1.254 -4.262 0.704 -4.355 0.051 -4.355 c
-0.644 -4.355 l
-0.644 -7.57 l
-3.132 -7.57 l
-3.132 2.116 l
h
f
Q
q 1 0 0 1 245.6335 800.982 cm
0 0 m
-0.292 0 -0.535 -0.095 -0.728 -0.285 c
-0.921 -0.475 -1.035 -0.778 -1.07 -1.194 c
1.044 -1.194 l
1.044 -0.968 1.003 -0.767 0.922 -0.59 c
0.84 -0.414 0.722 -0.271 0.567 -0.163 c
0.412 -0.054 0.223 0 0 0 c
-0.09 1.764 m
0.606 1.764 1.205 1.637 1.708 1.384 c
2.21 1.13 2.597 0.751 2.868 0.244 c
3.138 -0.262 3.274 -0.9 3.274 -1.669 c
3.274 -2.822 l
-1.121 -2.822 l
-1.104 -3.211 -0.965 -3.532 -0.702 -3.785 c
-0.44 -4.038 -0.06 -4.165 0.438 -4.165 c
0.885 -4.165 1.293 -4.12 1.663 -4.029 c
2.032 -3.939 2.414 -3.794 2.81 -3.595 c
2.81 -5.454 l
2.466 -5.644 2.09 -5.784 1.682 -5.874 c
1.274 -5.965 0.76 -6.01 0.142 -6.01 c
-0.58 -6.01 -1.222 -5.876 -1.785 -5.61 c
-2.348 -5.343 -2.792 -4.925 -3.119 -4.355 c
-3.446 -3.785 -3.609 -3.057 -3.609 -2.171 c
-3.609 -1.266 -3.46 -0.525 -3.164 0.054 c
-2.868 0.633 -2.455 1.063 -1.927 1.343 c
-1.398 1.623 -0.786 1.764 -0.09 1.764 c
f
Q
q 1 0 0 1 252.7607 803.9531 cm
0 0 m
0 -0.552 -0.013 -1.018 -0.039 -1.397 c
-0.064 -1.777 -0.086 -2.067 -0.103 -2.266 c
0.013 -2.266 l
0.168 -2.003 0.342 -1.795 0.535 -1.642 c
0.728 -1.488 0.945 -1.377 1.186 -1.309 c
1.426 -1.241 1.688 -1.207 1.972 -1.207 c
2.444 -1.207 2.87 -1.302 3.248 -1.492 c
3.626 -1.682 3.929 -1.979 4.156 -2.381 c
4.384 -2.784 4.498 -3.31 4.498 -3.961 c
4.498 -8.845 l
2.024 -8.845 l
2.024 -4.748 l
2.024 -4.251 1.955 -3.876 1.817 -3.622 c
1.68 -3.369 1.465 -3.242 1.173 -3.242 c
0.881 -3.242 0.649 -3.333 0.477 -3.514 c
0.305 -3.695 0.182 -3.955 0.11 -4.294 c
0.037 -4.633 0 -5.051 0 -5.549 c
0 -8.845 l
-2.462 -8.845 l
-2.462 1.465 l
0 1.465 l
h
f
Q
q 1 0 0 1 262.182 794.972 cm
0 0 m
-0.722 0 -1.349 0.136 -1.882 0.407 c
-2.415 0.678 -2.827 1.099 -3.119 1.669 c
-3.411 2.239 -3.557 2.966 -3.557 3.853 c
-3.557 4.766 -3.394 5.51 -3.067 6.085 c
-2.741 6.659 -2.296 7.084 -1.733 7.36 c
-1.171 7.636 -0.528 7.774 0.193 7.774 c
0.632 7.774 1.046 7.724 1.437 7.625 c
1.828 7.525 2.191 7.385 2.526 7.204 c
1.804 5.291 l
1.512 5.427 1.239 5.535 0.986 5.617 c
0.733 5.698 0.468 5.739 0.193 5.739 c
-0.056 5.739 -0.275 5.671 -0.464 5.535 c
-0.653 5.399 -0.799 5.194 -0.902 4.918 c
-1.005 4.642 -1.057 4.292 -1.057 3.867 c
-1.057 3.432 -1.003 3.084 -0.896 2.822 c
-0.788 2.559 -0.64 2.367 -0.451 2.245 c
-0.262 2.123 -0.043 2.062 0.206 2.062 c
0.558 2.062 0.913 2.121 1.269 2.239 c
1.626 2.356 1.963 2.519 2.281 2.727 c
2.281 0.665 l
1.989 0.466 1.658 0.305 1.289 0.183 c
0.919 0.061 0.49 0 0 0 c
f
Q
q 1 0 0 1 268.3425 803.9531 cm
0 0 m
0 -0.552 -0.013 -1.018 -0.039 -1.397 c
-0.064 -1.777 -0.086 -2.067 -0.103 -2.266 c
0.013 -2.266 l
0.168 -2.003 0.342 -1.795 0.535 -1.642 c
0.728 -1.488 0.945 -1.377 1.186 -1.309 c
1.426 -1.241 1.688 -1.207 1.972 -1.207 c
2.444 -1.207 2.87 -1.302 3.248 -1.492 c
3.626 -1.682 3.929 -1.979 4.156 -2.381 c
4.384 -2.784 4.498 -3.31 4.498 -3.961 c
4.498 -8.845 l
2.024 -8.845 l
2.024 -4.748 l
2.024 -4.251 1.955 -3.876 1.817 -3.622 c
1.68 -3.369 1.465 -3.242 1.173 -3.242 c
0.881 -3.242 0.649 -3.333 0.477 -3.514 c
0.305 -3.695 0.182 -3.955 0.11 -4.294 c
0.036 -4.633 0 -5.051 0 -5.549 c
0 -8.845 l
-2.462 -8.845 l
-2.462 1.465 l
0 1.465 l
h
f
Q
q 1 0 0 1 277.8541 798.4315 cm
0 0 m
-0.447 -0.018 -0.763 -0.102 -0.947 -0.251 c
-1.132 -0.4 -1.224 -0.611 -1.224 -0.882 c
-1.224 -1.135 -1.16 -1.323 -1.031 -1.445 c
-0.902 -1.567 -0.73 -1.628 -0.516 -1.628 c
-0.215 -1.628 0.041 -1.529 0.251 -1.33 c
0.462 -1.131 0.567 -0.873 0.567 -0.556 c
0.567 0.027 l
h
0.142 4.314 m
1.044 4.314 1.748 4.079 2.255 3.609 c
2.762 3.138 3.016 2.469 3.016 1.601 c
3.016 -3.324 l
1.315 -3.324 l
0.838 -2.333 l
0.786 -2.333 l
0.588 -2.596 0.384 -2.811 0.174 -2.978 c
-0.037 -3.145 -0.279 -3.267 -0.554 -3.344 c
-0.829 -3.421 -1.164 -3.459 -1.56 -3.459 c
-1.972 -3.459 -2.341 -3.371 -2.668 -3.195 c
-2.995 -3.018 -3.252 -2.752 -3.441 -2.395 c
-3.63 -2.037 -3.725 -1.583 -3.725 -1.031 c
-3.725 -0.226 -3.461 0.371 -2.932 0.76 c
-2.404 1.149 -1.637 1.366 -0.632 1.411 c
0.554 1.452 l
0.554 1.56 l
0.554 1.895 0.477 2.132 0.322 2.272 c
0.167 2.413 -0.043 2.483 -0.309 2.483 c
-0.593 2.483 -0.907 2.43 -1.25 2.327 c
-1.594 2.223 -1.942 2.089 -2.294 1.926 c
-3.003 3.636 l
-2.591 3.862 -2.125 4.031 -1.605 4.145 c
-1.085 4.258 -0.503 4.314 0.142 4.314 c
f
Q
q 1 0 0 1 285.8834 798.4315 cm
0 0 m
-0.447 -0.018 -0.763 -0.102 -0.947 -0.251 c
-1.132 -0.4 -1.224 -0.611 -1.224 -0.882 c
-1.224 -1.135 -1.16 -1.323 -1.031 -1.445 c
-0.902 -1.567 -0.73 -1.628 -0.516 -1.628 c
-0.215 -1.628 0.041 -1.529 0.251 -1.33 c
0.462 -1.131 0.567 -0.873 0.567 -0.556 c
0.567 0.027 l
h
0.142 4.314 m
1.044 4.314 1.748 4.079 2.255 3.609 c
2.762 3.138 3.016 2.469 3.016 1.601 c
3.016 -3.324 l
1.315 -3.324 l
0.838 -2.333 l
0.786 -2.333 l
0.588 -2.596 0.384 -2.811 0.174 -2.978 c
-0.037 -3.145 -0.279 -3.267 -0.554 -3.344 c
-0.829 -3.421 -1.164 -3.459 -1.56 -3.459 c
-1.972 -3.459 -2.341 -3.371 -2.668 -3.195 c
-2.995 -3.018 -3.252 -2.752 -3.441 -2.395 c
-3.63 -2.037 -3.725 -1.583 -3.725 -1.031 c
-3.725 -0.226 -3.46 0.371 -2.932 0.76 c
-2.404 1.149 -1.637 1.366 -0.632 1.411 c
0.554 1.452 l
0.554 1.56 l
0.554 1.895 0.477 2.132 0.322 2.272 c
0.167 2.413 -0.043 2.483 -0.309 2.483 c
-0.593 2.483 -0.907 2.43 -1.25 2.327 c
-1.594 2.223 -1.942 2.089 -2.294 1.926 c
-3.003 3.636 l
-2.591 3.862 -2.125 4.031 -1.605 4.145 c
-1.085 4.258 -0.503 4.314 0.142 4.314 c
f
Q
q 1 0 0 1 295.034 802.7456 cm
0 0 m
0.739 0 1.34 -0.217 1.804 -0.651 c
2.268 -1.085 2.5 -1.786 2.5 -2.754 c
2.5 -7.638 l
0.039 -7.638 l
0.039 -3.541 l
0.039 -3.044 -0.03 -2.668 -0.167 -2.415 c
-0.305 -2.162 -0.524 -2.035 -0.825 -2.035 c
-1.289 -2.035 -1.6 -2.234 -1.759 -2.632 c
-1.918 -3.03 -1.998 -3.604 -1.998 -4.355 c
-1.998 -7.638 l
-4.459 -7.638 l
-4.459 -0.136 l
-2.603 -0.136 l
-2.268 -1.126 l
-2.178 -1.126 l
-2.023 -0.891 -1.841 -0.69 -1.63 -0.522 c
-1.42 -0.355 -1.179 -0.226 -0.909 -0.136 c
-0.638 -0.045 -0.335 0 0 0 c
f
Q
0.254 0.252 0.259  scn
q 1 0 0 1 321.5818 814.7175 cm
0 0 m
0 -0.706 -0.156 -1.344 -0.466 -1.911 c
-0.776 -2.479 -1.244 -2.927 -1.868 -3.257 c
-2.494 -3.586 -3.284 -3.751 -4.238 -3.751 c
-5.593 -3.751 -6.624 -3.405 -7.33 -2.713 c
-8.036 -2.021 -8.389 -1.107 -8.389 0.029 c
-8.389 6.614 l
-6.228 6.614 l
-6.228 0.358 l
-6.228 -0.482 -6.056 -1.074 -5.712 -1.417 c
-5.369 -1.761 -4.858 -1.932 -4.181 -1.932 c
-3.704 -1.932 -3.317 -1.852 -3.021 -1.689 c
-2.725 -1.527 -2.508 -1.274 -2.369 -0.931 c
-2.232 -0.587 -2.162 -0.153 -2.162 0.372 c
-2.162 6.614 l
0 6.614 l
h
f
Q
q 1 0 0 1 328.3095 819.0695 cm
0 0 m
0.859 0 1.537 -0.224 2.033 -0.673 c
2.529 -1.122 2.778 -1.852 2.778 -2.863 c
2.778 -7.96 l
0.63 -7.96 l
0.63 -3.407 l
0.63 -2.844 0.527 -2.422 0.322 -2.14 c
0.117 -1.859 -0.2 -1.718 -0.63 -1.718 c
-1.279 -1.718 -1.72 -1.94 -1.954 -2.383 c
-2.188 -2.827 -2.305 -3.465 -2.305 -4.295 c
-2.305 -7.96 l
-4.466 -7.96 l
-4.466 -0.143 l
-2.806 -0.143 l
-2.505 -1.188 l
-2.419 -1.188 l
-2.247 -0.931 -2.04 -0.714 -1.796 -0.537 c
-1.553 -0.36 -1.281 -0.227 -0.98 -0.136 c
-0.68 -0.045 -0.353 0 0 0 c
f
Q
335.325 811.11 -2.162 7.817 re
335.325 818.927 m
334.251 822.004 m
334.566 822.004 334.84 821.93 335.074 821.782 c
335.308 821.634 335.424 821.355 335.424 820.945 c
335.424 820.554 335.308 820.281 335.074 820.129 c
334.84 819.976 334.566 819.9 334.251 819.9 c
333.926 819.9 333.65 819.976 333.42 820.129 c
333.191 820.281 333.077 820.554 333.077 820.945 c
333.077 821.355 333.191 821.634 333.42 821.782 c
333.65 821.93 333.926 822.004 334.251 822.004 c
f
q 1 0 0 1 340.7787 812.6702 cm
0 0 m
0.382 0 0.69 0.074 0.923 0.222 c
1.157 0.37 1.324 0.599 1.425 0.909 c
1.525 1.219 1.575 1.604 1.575 2.061 c
1.575 2.362 l
1.575 3.116 1.463 3.696 1.239 4.101 c
1.014 4.507 0.587 4.71 -0.043 4.71 c
-0.539 4.71 -0.909 4.5 -1.152 4.08 c
-1.396 3.66 -1.517 3.068 -1.517 2.305 c
-1.517 1.532 -1.393 0.954 -1.145 0.573 c
-0.897 0.191 -0.515 0 0 0 c
1.446 -1.718 m
1.446 -1.537 1.451 -1.341 1.461 -1.131 c
1.47 -0.921 1.489 -0.725 1.517 -0.544 c
1.432 -0.544 l
1.241 -0.869 0.969 -1.143 0.616 -1.367 c
0.263 -1.591 -0.2 -1.703 -0.773 -1.703 c
-1.651 -1.703 -2.362 -1.362 -2.906 -0.68 c
-3.45 0.003 -3.722 1.007 -3.722 2.333 c
-3.722 3.231 -3.596 3.98 -3.342 4.581 c
-3.09 5.182 -2.736 5.636 -2.283 5.941 c
-1.83 6.247 -1.312 6.399 -0.73 6.399 c
-0.157 6.399 0.305 6.289 0.659 6.07 c
1.012 5.85 1.298 5.578 1.517 5.254 c
1.575 5.254 l
1.775 6.256 l
3.608 6.256 l
3.608 -4.996 l
1.446 -4.996 l
h
f
Q
q 1 0 0 1 353.6782 818.9265 cm
0 0 m
0 -7.817 l
-1.661 -7.817 l
-1.933 -6.814 l
-2.062 -6.814 l
-2.224 -7.082 -2.432 -7.301 -2.685 -7.473 c
-2.937 -7.645 -3.214 -7.769 -3.515 -7.845 c
-3.815 -7.922 -4.133 -7.96 -4.467 -7.96 c
-5.02 -7.96 -5.505 -7.859 -5.92 -7.659 c
-6.335 -7.458 -6.66 -7.148 -6.893 -6.729 c
-7.128 -6.309 -7.244 -5.765 -7.244 -5.096 c
-7.244 0 l
-5.068 0 l
-5.068 -4.552 l
-5.068 -5.106 -4.97 -5.524 -4.775 -5.805 c
-4.579 -6.087 -4.266 -6.228 -3.837 -6.228 c
-3.398 -6.228 -3.057 -6.13 -2.813 -5.934 c
-2.57 -5.739 -2.401 -5.45 -2.305 -5.068 c
-2.21 -4.686 -2.162 -4.218 -2.162 -3.665 c
-2.162 0 l
h
f
Q
q 1 0 0 1 359.1755 817.538 cm
0 0 m
-0.43 0 -0.778 -0.136 -1.045 -0.408 c
-1.312 -0.68 -1.47 -1.084 -1.517 -1.618 c
1.431 -1.618 l
1.431 -1.303 1.379 -1.026 1.274 -0.788 c
1.169 -0.549 1.009 -0.358 0.794 -0.215 c
0.579 -0.072 0.315 0 0 0 c
-0.057 1.532 m
0.668 1.532 1.293 1.396 1.818 1.123 c
2.343 0.851 2.746 0.451 3.028 -0.079 c
3.309 -0.609 3.45 -1.255 3.45 -2.019 c
3.45 -3.064 l
-1.575 -3.064 l
-1.556 -3.656 -1.374 -4.121 -1.031 -4.46 c
-0.687 -4.798 -0.196 -4.968 0.444 -4.968 c
0.93 -4.968 1.374 -4.92 1.775 -4.824 c
2.176 -4.729 2.586 -4.586 3.006 -4.395 c
3.006 -6.013 l
2.624 -6.204 2.221 -6.345 1.796 -6.435 c
1.372 -6.526 0.845 -6.571 0.215 -6.571 c
-0.559 -6.571 -1.243 -6.428 -1.84 -6.142 c
-2.436 -5.855 -2.907 -5.414 -3.25 -4.818 c
-3.593 -4.221 -3.765 -3.475 -3.765 -2.577 c
-3.765 -1.661 -3.61 -0.9 -3.3 -0.294 c
-2.99 0.312 -2.556 0.768 -1.997 1.073 c
-1.439 1.379 -0.792 1.532 -0.057 1.532 c
f
Q
q 1 0 0 1 372.1167 811.1099 cm
0 0 m
-4.653 0 l
-4.653 1.231 l
-3.407 1.804 l
-3.407 8.418 l
-4.653 8.99 l
-4.653 10.221 l
0 10.221 l
0 8.99 l
-1.246 8.418 l
-1.246 1.804 l
0 1.231 l
h
f
Q
q 1 0 0 1 376.9406 812.6989 cm
0 0 m
0.592 0 1.007 0.17 1.246 0.508 c
1.484 0.847 1.604 1.365 1.604 2.061 c
1.604 2.291 l
1.604 3.044 1.489 3.622 1.26 4.023 c
1.031 4.424 0.606 4.624 -0.014 4.624 c
-0.482 4.624 -0.847 4.424 -1.109 4.023 c
-1.372 3.622 -1.503 3.04 -1.503 2.276 c
-1.503 1.513 -1.372 0.942 -1.109 0.565 c
-0.847 0.188 -0.477 0 0 0 c
-0.759 -1.732 m
-1.617 -1.732 -2.321 -1.391 -2.87 -0.708 c
-3.419 -0.026 -3.693 0.978 -3.693 2.305 c
-3.693 3.65 -3.417 4.665 -2.863 5.347 c
-2.309 6.029 -1.584 6.371 -0.687 6.371 c
-0.315 6.371 0.007 6.321 0.279 6.22 c
0.551 6.12 0.79 5.984 0.995 5.812 c
1.2 5.64 1.37 5.445 1.503 5.225 c
1.575 5.225 l
1.546 5.397 1.52 5.638 1.496 5.948 c
1.472 6.258 1.461 6.542 1.461 6.8 c
1.461 9.291 l
3.636 9.291 l
3.636 -1.589 l
1.976 -1.589 l
1.546 -0.573 l
1.461 -0.573 l
1.327 -0.792 1.16 -0.988 0.959 -1.159 c
0.759 -1.331 0.518 -1.47 0.236 -1.575 c
-0.045 -1.68 -0.377 -1.732 -0.759 -1.732 c
f
Q
q 1 0 0 1 386.0607 817.538 cm
0 0 m
-0.43 0 -0.778 -0.136 -1.045 -0.408 c
-1.312 -0.68 -1.47 -1.084 -1.517 -1.618 c
1.431 -1.618 l
1.431 -1.303 1.379 -1.026 1.274 -0.788 c
1.169 -0.549 1.009 -0.358 0.794 -0.215 c
0.579 -0.072 0.315 0 0 0 c
-0.057 1.532 m
0.668 1.532 1.293 1.396 1.818 1.123 c
2.343 0.851 2.746 0.451 3.028 -0.079 c
3.309 -0.609 3.45 -1.255 3.45 -2.019 c
3.45 -3.064 l
-1.575 -3.064 l
-1.556 -3.656 -1.374 -4.121 -1.031 -4.46 c
-0.687 -4.798 -0.196 -4.968 0.444 -4.968 c
0.93 -4.968 1.374 -4.92 1.775 -4.824 c
2.176 -4.729 2.586 -4.586 3.006 -4.395 c
3.006 -6.013 l
2.624 -6.204 2.221 -6.345 1.796 -6.435 c
1.372 -6.526 0.845 -6.571 0.215 -6.571 c
-0.559 -6.571 -1.243 -6.428 -1.84 -6.142 c
-2.436 -5.855 -2.907 -5.414 -3.25 -4.818 c
-3.594 -4.221 -3.765 -3.475 -3.765 -2.577 c
-3.765 -1.661 -3.61 -0.9 -3.3 -0.294 c
-2.99 0.312 -2.556 0.768 -1.997 1.073 c
-1.439 1.379 -0.792 1.532 -0.057 1.532 c
f
Q
q 1 0 0 1 395.6803 819.0695 cm
0 0 m
0.859 0 1.537 -0.224 2.033 -0.673 c
2.529 -1.122 2.778 -1.852 2.778 -2.863 c
2.778 -7.96 l
0.63 -7.96 l
0.63 -3.407 l
0.63 -2.844 0.527 -2.422 0.322 -2.14 c
0.117 -1.859 -0.201 -1.718 -0.63 -1.718 c
-1.279 -1.718 -1.72 -1.94 -1.954 -2.383 c
-2.188 -2.827 -2.305 -3.465 -2.305 -4.295 c
-2.305 -7.96 l
-4.466 -7.96 l
-4.466 -0.143 l
-2.806 -0.143 l
-2.505 -1.188 l
-2.419 -1.188 l
-2.247 -0.931 -2.04 -0.714 -1.796 -0.537 c
-1.553 -0.36 -1.281 -0.227 -0.98 -0.136 c
-0.68 -0.045 -0.353 0 0 0 c
f
Q
q 1 0 0 1 403.8837 812.6702 cm
0 0 m
0.239 0 0.467 0.024 0.687 0.071 c
0.906 0.12 1.126 0.176 1.346 0.243 c
1.346 -1.346 l
1.117 -1.441 0.833 -1.524 0.494 -1.596 c
0.155 -1.668 -0.215 -1.703 -0.616 -1.703 c
-1.084 -1.703 -1.501 -1.627 -1.868 -1.474 c
-2.236 -1.322 -2.527 -1.057 -2.742 -0.68 c
-2.956 -0.303 -3.064 0.22 -3.064 0.888 c
-3.064 4.653 l
-4.08 4.653 l
-4.08 5.555 l
-2.906 6.27 l
-2.291 7.917 l
-0.931 7.917 l
-0.931 6.256 l
1.26 6.256 l
1.26 4.653 l
-0.931 4.653 l
-0.931 0.888 l
-0.931 0.592 -0.845 0.37 -0.673 0.222 c
-0.501 0.074 -0.277 0 0 0 c
f
Q
408.909 811.11 -2.162 7.817 re
408.909 818.927 m
407.835 822.004 m
408.15 822.004 408.424 821.93 408.658 821.782 c
408.891 821.634 409.008 821.355 409.008 820.945 c
409.008 820.554 408.891 820.281 408.658 820.129 c
408.424 819.976 408.15 819.9 407.835 819.9 c
407.51 819.9 407.233 819.976 407.004 820.129 c
406.775 820.281 406.661 820.554 406.661 820.945 c
406.661 821.355 406.775 821.634 407.004 821.782 c
407.233 821.93 407.51 822.004 407.835 822.004 c
f
418.715 811.11 -2.162 7.817 re
418.715 818.927 m
417.641 822.004 m
417.956 822.004 418.23 821.93 418.464 821.782 c
418.698 821.634 418.815 821.355 418.815 820.945 c
418.815 820.554 418.698 820.281 418.464 820.129 c
418.23 819.976 417.956 819.9 417.641 819.9 c
417.317 819.9 417.04 819.976 416.811 820.129 c
416.582 820.281 416.467 820.554 416.467 820.945 c
416.467 821.355 416.582 821.634 416.811 821.782 c
417.04 821.93 417.317 822.004 417.641 822.004 c
415.408 817.323 m
413.561 817.323 l
413.561 811.11 l
411.428 811.11 l
411.428 817.323 l
410.254 817.323 l
410.254 818.354 l
411.428 818.927 l
411.428 819.499 l
411.428 820.167 411.54 820.685 411.765 821.052 c
411.988 821.42 412.308 821.68 412.723 821.833 c
413.139 821.985 413.628 822.062 414.191 822.062 c
414.611 822.062 414.99 822.028 415.329 821.962 c
415.668 821.894 415.942 821.818 416.152 821.732 c
415.608 820.172 l
415.446 820.219 415.269 820.265 415.079 820.308 c
414.888 820.351 414.668 820.372 414.42 820.372 c
414.124 820.372 413.907 820.281 413.769 820.1 c
413.63 819.919 413.561 819.69 413.561 819.413 c
413.561 818.927 l
415.408 818.927 l
h
f
q 1 0 0 1 424.2265 810.9669 cm
0 0 m
-0.754 0 -1.415 0.141 -1.983 0.422 c
-2.551 0.704 -2.992 1.143 -3.307 1.739 c
-3.622 2.336 -3.779 3.092 -3.779 4.009 c
-3.779 4.972 -3.608 5.755 -3.264 6.356 c
-2.921 6.957 -2.453 7.399 -1.861 7.68 c
-1.27 7.962 -0.597 8.103 0.158 8.103 c
0.615 8.103 1.047 8.055 1.453 7.96 c
1.858 7.864 2.219 7.735 2.534 7.573 c
1.89 5.941 l
1.604 6.065 1.314 6.168 1.024 6.249 c
0.732 6.33 0.444 6.371 0.158 6.371 c
-0.215 6.371 -0.53 6.284 -0.787 6.113 c
-1.045 5.941 -1.241 5.681 -1.374 5.332 c
-1.508 4.984 -1.575 4.547 -1.575 4.023 c
-1.575 3.507 -1.508 3.083 -1.374 2.748 c
-1.241 2.414 -1.045 2.164 -0.787 1.997 c
-0.53 1.83 -0.224 1.747 0.129 1.747 c
0.539 1.747 0.926 1.802 1.288 1.911 c
1.651 2.021 1.995 2.166 2.319 2.348 c
2.319 0.587 l
2.013 0.406 1.677 0.262 1.31 0.157 c
0.942 0.052 0.506 0 0 0 c
f
Q
q 1 0 0 1 431.7565 814.6888 cm
0 0 m
-0.678 -0.019 -1.15 -0.129 -1.417 -0.329 c
-1.685 -0.53 -1.818 -0.811 -1.818 -1.174 c
-1.818 -1.508 -1.725 -1.753 -1.539 -1.911 c
-1.353 -2.069 -1.107 -2.148 -0.802 -2.148 c
-0.344 -2.148 0.041 -2.014 0.351 -1.747 c
0.661 -1.479 0.816 -1.098 0.816 -0.601 c
0.816 0.043 l
h
-0.057 4.381 m
0.925 4.381 1.675 4.149 2.19 3.686 c
2.706 3.223 2.964 2.539 2.964 1.632 c
2.964 -3.579 l
1.461 -3.579 l
1.045 -2.52 l
0.988 -2.52 l
0.768 -2.796 0.542 -3.026 0.308 -3.207 c
0.074 -3.388 -0.196 -3.519 -0.501 -3.6 c
-0.806 -3.681 -1.179 -3.722 -1.618 -3.722 c
-2.076 -3.722 -2.486 -3.634 -2.849 -3.457 c
-3.211 -3.281 -3.498 -3.011 -3.708 -2.648 c
-3.918 -2.286 -4.023 -1.828 -4.023 -1.274 c
-4.023 -0.453 -3.727 0.162 -3.135 0.573 c
-2.543 0.983 -1.661 1.212 -0.487 1.26 c
0.816 1.303 l
0.816 1.546 l
0.816 2.014 0.711 2.341 0.501 2.527 c
0.291 2.713 -0.005 2.806 -0.386 2.806 c
-0.74 2.806 -1.102 2.749 -1.474 2.634 c
-1.846 2.52 -2.214 2.381 -2.577 2.219 c
-3.207 3.694 l
-2.796 3.904 -2.326 4.071 -1.797 4.195 c
-1.267 4.319 -0.687 4.381 -0.057 4.381 c
f
Q
q 1 0 0 1 440.1458 812.6702 cm
0 0 m
0.239 0 0.467 0.024 0.687 0.071 c
0.906 0.12 1.126 0.176 1.346 0.243 c
1.346 -1.346 l
1.117 -1.441 0.833 -1.524 0.494 -1.596 c
0.155 -1.668 -0.215 -1.703 -0.616 -1.703 c
-1.084 -1.703 -1.501 -1.627 -1.868 -1.474 c
-2.236 -1.322 -2.527 -1.057 -2.742 -0.68 c
-2.956 -0.303 -3.064 0.22 -3.064 0.888 c
-3.064 4.653 l
-4.08 4.653 l
-4.08 5.555 l
-2.906 6.27 l
-2.291 7.917 l
-0.931 7.917 l
-0.931 6.256 l
1.26 6.256 l
1.26 4.653 l
-0.931 4.653 l
-0.931 0.888 l
-0.931 0.592 -0.845 0.37 -0.673 0.222 c
-0.501 0.074 -0.277 0 0 0 c
f
Q
445.171 811.11 -2.162 7.817 re
445.171 818.927 m
444.097 822.004 m
444.412 822.004 444.686 821.93 444.921 821.782 c
445.154 821.634 445.271 821.355 445.271 820.945 c
445.271 820.554 445.154 820.281 444.921 820.129 c
444.686 819.976 444.412 819.9 444.097 819.9 c
443.773 819.9 443.496 819.976 443.267 820.129 c
443.038 820.281 442.923 820.554 442.923 820.945 c
442.923 821.355 443.038 821.634 443.267 821.782 c
443.496 821.93 443.773 822.004 444.097 822.004 c
f
q 1 0 0 1 449.1077 815.0323 cm
0 0 m
0 -0.506 0.055 -0.94 0.165 -1.302 c
0.275 -1.665 0.446 -1.942 0.68 -2.133 c
0.914 -2.324 1.221 -2.419 1.604 -2.419 c
1.976 -2.419 2.279 -2.324 2.512 -2.133 c
2.746 -1.942 2.916 -1.665 3.021 -1.302 c
3.126 -0.94 3.179 -0.506 3.179 0 c
3.179 0.516 3.123 0.95 3.014 1.303 c
2.904 1.656 2.734 1.926 2.506 2.112 c
2.276 2.298 1.971 2.391 1.589 2.391 c
1.036 2.391 0.632 2.186 0.38 1.775 c
0.126 1.365 0 0.773 0 0 c
5.383 0 m
5.383 -0.649 5.295 -1.226 5.118 -1.732 c
4.941 -2.238 4.689 -2.663 4.359 -3.006 c
4.03 -3.35 3.632 -3.612 3.164 -3.793 c
2.696 -3.975 2.166 -4.065 1.575 -4.065 c
1.021 -4.065 0.516 -3.975 0.057 -3.793 c
-0.401 -3.612 -0.797 -3.35 -1.131 -3.006 c
-1.465 -2.663 -1.727 -2.238 -1.918 -1.732 c
-2.109 -1.226 -2.204 -0.649 -2.204 0 c
-2.204 0.869 -2.052 1.604 -1.746 2.205 c
-1.441 2.806 -1.002 3.262 -0.429 3.572 c
0.144 3.882 0.826 4.037 1.618 4.037 c
2.353 4.037 3.002 3.882 3.565 3.572 c
4.128 3.262 4.572 2.806 4.896 2.205 c
5.221 1.604 5.383 0.869 5.383 0 c
f
Q
q 1 0 0 1 460.689 819.0695 cm
0 0 m
0.859 0 1.537 -0.224 2.033 -0.673 c
2.529 -1.122 2.778 -1.852 2.778 -2.863 c
2.778 -7.96 l
0.63 -7.96 l
0.63 -3.407 l
0.63 -2.844 0.527 -2.422 0.322 -2.14 c
0.117 -1.859 -0.2 -1.718 -0.63 -1.718 c
-1.279 -1.718 -1.72 -1.94 -1.954 -2.383 c
-2.188 -2.827 -2.305 -3.465 -2.305 -4.295 c
-2.305 -7.96 l
-4.466 -7.96 l
-4.466 -0.143 l
-2.806 -0.143 l
-2.505 -1.188 l
-2.419 -1.188 l
-2.247 -0.931 -2.04 -0.714 -1.796 -0.537 c
-1.553 -0.36 -1.281 -0.227 -0.98 -0.136 c
-0.68 -0.045 -0.353 0 0 0 c
f
Q
q 1 0 0 1 318.7332 799.9874 cm
0 0 m
-0.039 0.144 -0.098 0.358 -0.179 0.645 c
-0.26 0.931 -0.339 1.224 -0.415 1.525 c
-0.492 1.825 -0.554 2.071 -0.601 2.262 c
-0.64 2.043 -0.694 1.79 -0.766 1.503 c
-0.837 1.217 -0.907 0.94 -0.974 0.673 c
-1.04 0.406 -1.098 0.182 -1.145 0 c
-1.876 -2.219 l
0.716 -2.219 l
h
2.004 -6.456 m
1.217 -4.051 l
-2.391 -4.051 l
-3.178 -6.456 l
-5.541 -6.456 l
-1.947 3.808 l
0.744 3.808 l
4.367 -6.456 l
h
f
Q
q 1 0 0 1 331.3455 801.3478 cm
0 0 m
0 -7.817 l
-1.661 -7.817 l
-1.933 -6.814 l
-2.062 -6.814 l
-2.224 -7.082 -2.432 -7.301 -2.685 -7.473 c
-2.937 -7.645 -3.214 -7.769 -3.515 -7.845 c
-3.815 -7.922 -4.133 -7.96 -4.467 -7.96 c
-5.02 -7.96 -5.505 -7.859 -5.92 -7.659 c
-6.335 -7.458 -6.66 -7.148 -6.893 -6.729 c
-7.128 -6.309 -7.244 -5.765 -7.244 -5.096 c
-7.244 0 l
-5.068 0 l
-5.068 -4.552 l
-5.068 -5.106 -4.97 -5.524 -4.775 -5.805 c
-4.579 -6.087 -4.266 -6.228 -3.837 -6.228 c
-3.398 -6.228 -3.057 -6.13 -2.813 -5.934 c
-2.57 -5.739 -2.401 -5.45 -2.305 -5.068 c
-2.21 -4.686 -2.162 -4.218 -2.162 -3.665 c
-2.162 0 l
h
f
Q
q 1 0 0 1 336.8141 795.0915 cm
0 0 m
0.239 0 0.467 0.024 0.687 0.071 c
0.906 0.12 1.126 0.176 1.346 0.243 c
1.346 -1.346 l
1.117 -1.441 0.833 -1.524 0.494 -1.596 c
0.155 -1.668 -0.215 -1.703 -0.616 -1.703 c
-1.084 -1.703 -1.501 -1.627 -1.868 -1.474 c
-2.236 -1.322 -2.527 -1.057 -2.742 -0.68 c
-2.956 -0.303 -3.064 0.22 -3.064 0.888 c
-3.064 4.653 l
-4.08 4.653 l
-4.08 5.555 l
-2.906 6.27 l
-2.291 7.917 l
-0.931 7.917 l
-0.931 6.256 l
1.26 6.256 l
1.26 4.653 l
-0.931 4.653 l
-0.931 0.888 l
-0.931 0.592 -0.845 0.37 -0.673 0.222 c
-0.501 0.074 -0.277 0 0 0 c
f
Q
q 1 0 0 1 341.8243 802.2211 cm
0 0 m
0 -0.42 -0.012 -0.79 -0.035 -1.11 c
-0.06 -1.429 -0.081 -1.685 -0.1 -1.876 c
0.015 -1.876 l
0.186 -1.599 0.387 -1.38 0.615 -1.217 c
0.845 -1.055 1.1 -0.933 1.382 -0.852 c
1.663 -0.771 1.961 -0.73 2.277 -0.73 c
2.839 -0.73 3.331 -0.83 3.751 -1.031 c
4.171 -1.231 4.498 -1.539 4.732 -1.954 c
4.965 -2.369 5.082 -2.916 5.082 -3.593 c
5.082 -8.69 l
2.921 -8.69 l
2.921 -4.137 l
2.921 -3.574 2.82 -3.152 2.62 -2.87 c
2.419 -2.589 2.104 -2.448 1.675 -2.448 c
1.255 -2.448 0.923 -2.548 0.68 -2.749 c
0.437 -2.949 0.263 -3.241 0.158 -3.622 c
0.052 -4.004 0 -4.471 0 -5.025 c
0 -8.69 l
-2.162 -8.69 l
-2.162 2.19 l
0 2.19 l
h
f
Q
q 1 0 0 1 350.8004 797.4536 cm
0 0 m
0 -0.506 0.055 -0.94 0.165 -1.302 c
0.275 -1.665 0.446 -1.942 0.68 -2.133 c
0.914 -2.324 1.221 -2.419 1.604 -2.419 c
1.976 -2.419 2.279 -2.324 2.512 -2.133 c
2.746 -1.942 2.916 -1.665 3.021 -1.302 c
3.126 -0.94 3.179 -0.506 3.179 0 c
3.179 0.516 3.123 0.95 3.014 1.303 c
2.904 1.656 2.734 1.926 2.506 2.112 c
2.276 2.298 1.971 2.391 1.589 2.391 c
1.036 2.391 0.632 2.186 0.38 1.775 c
0.126 1.365 0 0.773 0 0 c
5.383 0 m
5.383 -0.649 5.295 -1.226 5.118 -1.732 c
4.941 -2.238 4.689 -2.663 4.359 -3.006 c
4.03 -3.35 3.632 -3.612 3.164 -3.793 c
2.696 -3.975 2.166 -4.065 1.575 -4.065 c
1.021 -4.065 0.516 -3.975 0.057 -3.793 c
-0.401 -3.612 -0.797 -3.35 -1.131 -3.006 c
-1.465 -2.663 -1.727 -2.238 -1.918 -1.732 c
-2.109 -1.226 -2.204 -0.649 -2.204 0 c
-2.204 0.869 -2.052 1.604 -1.746 2.205 c
-1.441 2.806 -1.002 3.262 -0.429 3.572 c
0.144 3.882 0.826 4.037 1.618 4.037 c
2.353 4.037 3.002 3.882 3.565 3.572 c
4.128 3.262 4.572 2.806 4.896 2.205 c
5.221 1.604 5.383 0.869 5.383 0 c
f
Q
q 1 0 0 1 362.2392 801.4908 cm
0 0 m
0.143 0 0.298 -0.007 0.465 -0.021 c
0.632 -0.036 0.764 -0.057 0.859 -0.086 c
0.644 -2.104 l
0.539 -2.085 0.416 -2.067 0.272 -2.047 c
0.129 -2.028 -0.043 -2.019 -0.243 -2.019 c
-0.463 -2.019 -0.685 -2.052 -0.909 -2.119 c
-1.133 -2.186 -1.341 -2.295 -1.532 -2.448 c
-1.723 -2.601 -1.875 -2.801 -1.99 -3.049 c
-2.104 -3.298 -2.162 -3.612 -2.162 -3.994 c
-2.162 -7.96 l
-4.323 -7.96 l
-4.323 -0.143 l
-2.677 -0.143 l
-2.362 -1.46 l
-2.262 -1.46 l
-2.109 -1.183 -1.918 -0.935 -1.689 -0.716 c
-1.46 -0.496 -1.202 -0.322 -0.916 -0.193 c
-0.63 -0.064 -0.325 0 0 0 c
f
Q
366.491 793.531 -2.162 7.817 re
366.491 801.348 m
365.417 804.426 m
365.732 804.426 366.006 804.351 366.24 804.204 c
366.474 804.055 366.591 803.777 366.591 803.366 c
366.591 802.975 366.474 802.703 366.24 802.55 c
366.006 802.398 365.732 802.321 365.417 802.321 c
365.093 802.321 364.816 802.398 364.587 802.55 c
364.358 802.703 364.243 802.975 364.243 803.366 c
364.243 803.777 364.358 804.055 364.587 804.204 c
364.816 804.351 365.093 804.426 365.417 804.426 c
f
q 1 0 0 1 371.9596 795.0915 cm
0 0 m
0.239 0 0.467 0.024 0.687 0.071 c
0.906 0.12 1.126 0.176 1.346 0.243 c
1.346 -1.346 l
1.117 -1.441 0.833 -1.524 0.494 -1.596 c
0.155 -1.668 -0.215 -1.703 -0.616 -1.703 c
-1.084 -1.703 -1.501 -1.627 -1.868 -1.474 c
-2.236 -1.322 -2.527 -1.057 -2.742 -0.68 c
-2.956 -0.303 -3.064 0.22 -3.064 0.888 c
-3.064 4.653 l
-4.08 4.653 l
-4.08 5.555 l
-2.906 6.27 l
-2.291 7.917 l
-0.931 7.917 l
-0.931 6.256 l
1.26 6.256 l
1.26 4.653 l
-0.931 4.653 l
-0.931 0.888 l
-0.931 0.592 -0.845 0.37 -0.673 0.222 c
-0.501 0.074 -0.277 0 0 0 c
f
Q
q 1 0 0 1 373.7636 801.3478 cm
0 0 m
2.276 0 l
3.751 -4.467 l
3.798 -4.61 3.844 -4.756 3.887 -4.903 c
3.93 -5.052 3.968 -5.202 4.001 -5.354 c
4.035 -5.507 4.061 -5.655 4.08 -5.798 c
4.137 -5.798 l
4.166 -5.598 4.216 -5.378 4.288 -5.14 c
4.359 -4.901 4.428 -4.677 4.495 -4.467 c
5.941 0 l
8.174 0 l
4.967 -8.532 l
4.758 -9.114 4.507 -9.608 4.216 -10.014 c
3.925 -10.42 3.57 -10.727 3.149 -10.938 c
2.73 -11.147 2.209 -11.253 1.589 -11.253 c
1.35 -11.253 1.141 -11.24 0.959 -11.216 c
0.778 -11.193 0.625 -11.166 0.501 -11.138 c
0.501 -9.434 l
0.606 -9.453 0.732 -9.472 0.881 -9.492 c
1.028 -9.511 1.183 -9.52 1.346 -9.52 c
1.641 -9.52 1.89 -9.46 2.09 -9.341 c
2.291 -9.222 2.458 -9.064 2.591 -8.869 c
2.725 -8.673 2.839 -8.451 2.935 -8.203 c
3.106 -7.759 l
h
f
Q
q 1 0 0 1 388.5371 797.4536 cm
0 0 m
0 -0.506 0.055 -0.94 0.165 -1.302 c
0.275 -1.665 0.446 -1.942 0.68 -2.133 c
0.914 -2.324 1.221 -2.419 1.604 -2.419 c
1.976 -2.419 2.279 -2.324 2.512 -2.133 c
2.746 -1.942 2.916 -1.665 3.021 -1.302 c
3.126 -0.94 3.179 -0.506 3.179 0 c
3.179 0.516 3.123 0.95 3.014 1.303 c
2.904 1.656 2.734 1.926 2.506 2.112 c
2.277 2.298 1.971 2.391 1.589 2.391 c
1.036 2.391 0.632 2.186 0.38 1.775 c
0.126 1.365 0 0.773 0 0 c
5.383 0 m
5.383 -0.649 5.295 -1.226 5.118 -1.732 c
4.941 -2.238 4.689 -2.663 4.359 -3.006 c
4.03 -3.35 3.632 -3.612 3.164 -3.793 c
2.696 -3.975 2.166 -4.065 1.575 -4.065 c
1.021 -4.065 0.516 -3.975 0.057 -3.793 c
-0.401 -3.612 -0.797 -3.35 -1.131 -3.006 c
-1.465 -2.663 -1.727 -2.238 -1.918 -1.732 c
-2.109 -1.226 -2.204 -0.649 -2.204 0 c
-2.204 0.869 -2.052 1.604 -1.746 2.205 c
-1.441 2.806 -1.002 3.262 -0.429 3.572 c
0.144 3.882 0.826 4.037 1.618 4.037 c
2.353 4.037 3.002 3.882 3.565 3.572 c
4.128 3.262 4.572 2.806 4.896 2.205 c
5.221 1.604 5.383 0.869 5.383 0 c
f
Q
q 1 0 0 1 400.0475 799.7441 cm
0 0 m
-1.846 0 l
-1.846 -6.213 l
-3.98 -6.213 l
-3.98 0 l
-5.154 0 l
-5.154 1.031 l
-3.98 1.604 l
-3.98 2.176 l
-3.98 2.844 -3.868 3.362 -3.643 3.729 c
-3.419 4.097 -3.099 4.357 -2.684 4.51 c
-2.269 4.662 -1.78 4.739 -1.217 4.739 c
-0.797 4.739 -0.418 4.705 -0.079 4.639 c
0.26 4.572 0.535 4.496 0.744 4.409 c
0.2 2.849 l
0.038 2.897 -0.138 2.942 -0.329 2.985 c
-0.52 3.028 -0.74 3.05 -0.988 3.05 c
-1.284 3.05 -1.501 2.959 -1.639 2.778 c
-1.777 2.596 -1.846 2.367 -1.846 2.09 c
-1.846 1.604 l
0 1.604 l
h
f
Q
q 1 0 0 1 408.9806 793.5312 cm
0 0 m
-4.653 0 l
-4.653 1.231 l
-3.407 1.804 l
-3.407 8.418 l
-4.653 8.991 l
-4.653 10.221 l
0 10.221 l
0 8.991 l
-1.246 8.418 l
-1.246 1.804 l
0 1.231 l
h
f
Q
q 1 0 0 1 414.9503 801.4908 cm
0 0 m
0.859 0 1.537 -0.224 2.033 -0.673 c
2.529 -1.122 2.778 -1.852 2.778 -2.863 c
2.778 -7.96 l
0.63 -7.96 l
0.63 -3.407 l
0.63 -2.844 0.527 -2.422 0.322 -2.14 c
0.117 -1.859 -0.2 -1.718 -0.63 -1.718 c
-1.279 -1.718 -1.72 -1.94 -1.954 -2.383 c
-2.188 -2.827 -2.305 -3.465 -2.305 -4.295 c
-2.305 -7.96 l
-4.466 -7.96 l
-4.466 -0.143 l
-2.806 -0.143 l
-2.505 -1.188 l
-2.419 -1.188 l
-2.247 -0.931 -2.04 -0.714 -1.796 -0.537 c
-1.553 -0.36 -1.281 -0.227 -0.98 -0.136 c
-0.68 -0.045 -0.353 0 0 0 c
f
Q
q 1 0 0 1 423.1099 795.1202 cm
0 0 m
0.592 0 1.007 0.17 1.246 0.508 c
1.484 0.847 1.604 1.365 1.604 2.061 c
1.604 2.291 l
1.604 3.044 1.489 3.622 1.26 4.023 c
1.031 4.424 0.606 4.624 -0.014 4.624 c
-0.482 4.624 -0.847 4.424 -1.109 4.023 c
-1.372 3.622 -1.503 3.04 -1.503 2.276 c
-1.503 1.513 -1.372 0.942 -1.109 0.565 c
-0.847 0.188 -0.477 0 0 0 c
-0.759 -1.732 m
-1.617 -1.732 -2.321 -1.391 -2.87 -0.708 c
-3.419 -0.026 -3.693 0.978 -3.693 2.305 c
-3.693 3.65 -3.417 4.665 -2.863 5.347 c
-2.309 6.029 -1.584 6.371 -0.687 6.371 c
-0.315 6.371 0.007 6.32 0.279 6.22 c
0.551 6.12 0.79 5.984 0.995 5.812 c
1.2 5.64 1.37 5.445 1.503 5.225 c
1.575 5.225 l
1.546 5.397 1.52 5.638 1.496 5.948 c
1.472 6.258 1.461 6.542 1.461 6.8 c
1.461 9.291 l
3.636 9.291 l
3.636 -1.589 l
1.976 -1.589 l
1.546 -0.573 l
1.461 -0.573 l
1.327 -0.792 1.16 -0.988 0.959 -1.159 c
0.759 -1.331 0.518 -1.47 0.236 -1.575 c
-0.045 -1.68 -0.377 -1.732 -0.759 -1.732 c
f
Q
431.013 793.531 -2.162 7.817 re
431.013 801.348 m
429.939 804.426 m
430.254 804.426 430.528 804.351 430.763 804.204 c
430.996 804.055 431.113 803.777 431.113 803.366 c
431.113 802.975 430.996 802.703 430.763 802.55 c
430.528 802.398 430.254 802.321 429.939 802.321 c
429.615 802.321 429.338 802.398 429.109 802.55 c
428.88 802.703 428.765 802.975 428.765 803.366 c
428.765 803.777 428.88 804.055 429.109 804.204 c
429.338 804.351 429.615 804.426 429.939 804.426 c
f
q 1 0 0 1 436.6676 797.1101 cm
0 0 m
-0.678 -0.019 -1.15 -0.129 -1.417 -0.329 c
-1.685 -0.53 -1.818 -0.811 -1.818 -1.174 c
-1.818 -1.508 -1.725 -1.753 -1.539 -1.911 c
-1.353 -2.069 -1.107 -2.148 -0.802 -2.148 c
-0.343 -2.148 0.041 -2.014 0.351 -1.747 c
0.661 -1.479 0.816 -1.098 0.816 -0.601 c
0.816 0.043 l
h
-0.057 4.381 m
0.926 4.381 1.675 4.149 2.19 3.686 c
2.706 3.223 2.963 2.539 2.963 1.632 c
2.963 -3.579 l
1.461 -3.579 l
1.045 -2.52 l
0.988 -2.52 l
0.768 -2.797 0.542 -3.026 0.308 -3.207 c
0.074 -3.388 -0.196 -3.519 -0.501 -3.6 c
-0.806 -3.681 -1.179 -3.722 -1.618 -3.722 c
-2.076 -3.722 -2.486 -3.634 -2.849 -3.457 c
-3.211 -3.281 -3.498 -3.011 -3.708 -2.648 c
-3.918 -2.286 -4.023 -1.828 -4.023 -1.274 c
-4.023 -0.453 -3.727 0.162 -3.135 0.573 c
-2.543 0.983 -1.661 1.212 -0.486 1.26 c
0.816 1.303 l
0.816 1.546 l
0.816 2.014 0.711 2.341 0.501 2.527 c
0.291 2.713 -0.005 2.806 -0.386 2.806 c
-0.74 2.806 -1.102 2.749 -1.474 2.634 c
-1.846 2.52 -2.214 2.381 -2.577 2.219 c
-3.207 3.694 l
-2.796 3.904 -2.326 4.071 -1.797 4.195 c
-1.267 4.319 -0.687 4.381 -0.057 4.381 c
f
Q
1 1 1  scn
q 1 0 0 1 305.3635 828.1873 cm
0 0 m
0 -44.218 l
f
Q
0.254 0.252 0.259  scn
q 1 0 0 1 305.3635 783.8578 cm
0 0 m
-0.062 0 -0.112 0.05 -0.112 0.112 c
-0.112 44.33 l
-0.112 44.391 -0.062 44.441 0 44.441 c
0.062 44.441 0.112 44.391 0.112 44.33 c
0.112 0.112 l
0.112 0.05 0.062 0 0 0 c
f
Q
EMC 
Q
q
603.78 -8.504 -603.78 36.567 re
W n
q
0 g
-395.8344727 -29.7629452 29.7629452 -395.8344727 493.3320313 25.0246124 cm
BX /Sh0 sh EX Q
Q
q
-603.78 -8.504 603.78 36.567 re
W n
q
0 g
395.8344727 -29.7629452 -29.7629452 -395.8344727 -493.3320312 25.0246124 cm
BX /Sh0 sh EX Q
Q
BT
1 0.404 0.122  scn
/TT0 1 Tf
0 Tc 0 Tw 0 Ts 100 Tz 0 Tr 9 0 0 9 229.6843 14.1732 Tm
[(Mer)20 (a Aadhaar)160.1 (,)]TJ
0 0 0  scn
/GS1 gs
( )Tj
0.016 0.416 0.22  scn
/GS0 gs
(Meri Pehchaan)Tj
ET
